      Ex  (        0.02154        0.00002        0.01320 )
      Ey  (        0.00002       -0.03785        0.00002 )
      Ez  (        0.01863        0.00001       -0.12842 )
      Ex  (       -0.02457       -0.02306       -0.01910 )
      Ey  (       -0.03067        0.01490       -0.01866 )
      Ez  (       -0.01260        0.00307       -0.15363 )
      Ex  (        0.00330        0.02986       -0.01195 )
      Ey  (        0.04736        0.03064       -0.00449 )
      Ez  (        0.00736        0.00340       -0.14730 )
      Ex  (        0.06024        0.00005        0.00006 )
      Ey  (        0.00000       -0.02403       -0.00000 )
      Ez  (       -0.00325        0.00004       -0.13827 )
      Ex  (        0.00341       -0.02996       -0.01180 )
      Ey  (       -0.04735        0.03069        0.00448 )
      Ez  (        0.00726       -0.00339       -0.14745 )
      Ex  (       -0.02449        0.02299       -0.01913 )
      Ey  (        0.03068        0.01485        0.01865 )
      Ez  (       -0.01261       -0.00300       -0.15358 )
      Ex  (       -0.06816        0.00000        0.00550 )
      Ey  (       -0.00001        0.05294        0.00002 )
      Ez  (       -0.00504        0.00000        0.16393 )
      Ex  (        0.02751        0.06285        0.01255 )
      Ey  (        0.06277       -0.02931        0.01856 )
      Ez  (        0.00483        0.00754        0.14969 )
      Ex  (        0.03285       -0.06418        0.00640 )
      Ey  (       -0.06058       -0.04127        0.00357 )
      Ez  (       -0.00288       -0.00261        0.14010 )
      Ex  (       -0.08316       -0.00000        0.00285 )
      Ey  (       -0.00000        0.06896       -0.00000 )
      Ez  (       -0.00477       -0.00000        0.13819 )
      Ex  (        0.03288        0.06416        0.00644 )
      Ey  (        0.06056       -0.04127       -0.00359 )
      Ez  (       -0.00287        0.00261        0.14011 )
      Ex  (        0.02750       -0.06287        0.01258 )
      Ey  (       -0.06276       -0.02932       -0.01857 )
      Ez  (        0.00482       -0.00756        0.14970 )
      Ex  (        0.03952        0.03001       -0.00374 )
      Ey  (        0.03060       -0.01038        0.00003 )
      Ez  (        0.00225       -0.00532       -0.14192 )
      Ex  (        0.03970       -0.03036       -0.00350 )
      Ey  (       -0.03039       -0.01080       -0.00002 )
      Ez  (        0.00224        0.00540       -0.14237 )
      Ex  (       -0.02504       -0.00753       -0.01994 )
      Ey  (       -0.00990        0.05910        0.01050 )
      Ez  (       -0.00437       -0.01416       -0.15241 )
      Ex  (        0.00293        0.03140        0.00465 )
      Ey  (        0.01313       -0.03244        0.01861 )
      Ez  (        0.00747        0.01503       -0.13645 )
      Ex  (        0.00730       -0.03457        0.00452 )
      Ey  (       -0.01387       -0.03107       -0.01860 )
      Ez  (        0.00739       -0.01532       -0.13658 )
      Ex  (       -0.02718        0.00847       -0.01982 )
      Ey  (        0.00978        0.05888       -0.01051 )
      Ez  (       -0.00453        0.01408       -0.15276 )
      Ex  (       -0.04270       -0.06729        0.00354 )
      Ey  (       -0.06221        0.03127        0.00157 )
      Ez  (       -0.00465       -0.00113        0.13896 )
      Ex  (       -0.04238        0.06728        0.00353 )
      Ey  (        0.06223        0.03134       -0.00157 )
      Ez  (       -0.00464        0.00113        0.13898 )
      Ex  (        0.06849       -0.00184        0.01092 )
      Ey  (       -0.00622       -0.07480       -0.00926 )
      Ez  (        0.00197        0.00121        0.14266 )
      Ex  (       -0.03843       -0.05362        0.00775 )
      Ey  (       -0.04897        0.03278       -0.01910 )
      Ez  (       -0.00140       -0.01006        0.15866 )
      Ex  (       -0.03927        0.05664        0.00778 )
      Ey  (        0.04917        0.03128        0.01912 )
      Ez  (       -0.00143        0.01022        0.15820 )
      Ex  (        0.06847        0.00180        0.01092 )
      Ey  (        0.00659       -0.07489        0.00926 )
      Ez  (        0.00198       -0.00122        0.14255 )
 
