      Ex  (        0.02103        0.00005        0.00841 )
      Ey  (        0.00004       -0.05395        0.00003 )
      Ez  (        0.01163        0.00000       -0.13346 )
      Ex  (       -0.02920       -0.03126       -0.01340 )
      Ey  (       -0.04547        0.01193       -0.01583 )
      Ez  (       -0.00754        0.01291       -0.14915 )
      Ex  (       -0.00725        0.04124       -0.00871 )
      Ey  (        0.05301        0.02523       -0.00477 )
      Ez  (        0.00598        0.00895       -0.14444 )
      Ex  (        0.06020        0.00004        0.00055 )
      Ey  (       -0.00003       -0.05430       -0.00001 )
      Ez  (        0.00051        0.00000       -0.13732 )
      Ex  (       -0.00716       -0.04126       -0.00876 )
      Ey  (       -0.05307        0.02528        0.00475 )
      Ez  (        0.00596       -0.00902       -0.14446 )
      Ex  (       -0.02924        0.03127       -0.01343 )
      Ey  (        0.04551        0.01195        0.01586 )
      Ez  (       -0.00752       -0.01291       -0.14912 )
      Ex  (       -0.06354        0.00000        0.00518 )
      Ey  (       -0.00000        0.05284        0.00002 )
      Ez  (       -0.00780        0.00000        0.16309 )
      Ex  (        0.02678        0.06161        0.01161 )
      Ey  (        0.05913       -0.02743        0.01668 )
      Ez  (        0.00470        0.00655        0.15004 )
      Ex  (        0.03213       -0.06283        0.00645 )
      Ey  (       -0.05632       -0.03521        0.00349 )
      Ez  (       -0.00263       -0.00183        0.14072 )
      Ex  (       -0.07631        0.00001        0.00332 )
      Ey  (        0.00001        0.06558       -0.00000 )
      Ez  (       -0.00284        0.00000        0.13879 )
      Ex  (        0.03216        0.06280        0.00648 )
      Ey  (        0.05630       -0.03521       -0.00351 )
      Ez  (       -0.00263        0.00183        0.14073 )
      Ex  (        0.02675       -0.06166        0.01162 )
      Ey  (       -0.05911       -0.02743       -0.01669 )
      Ez  (        0.00469       -0.00656        0.15006 )
      Ex  (        0.03709        0.03946       -0.00217 )
      Ey  (        0.04679       -0.02948       -0.00064 )
      Ez  (        0.00278        0.00064       -0.14033 )
      Ex  (        0.03727       -0.03965       -0.00218 )
      Ey  (       -0.04666       -0.02944        0.00063 )
      Ez  (        0.00278       -0.00067       -0.14060 )
      Ex  (       -0.03710       -0.00757       -0.01412 )
      Ey  (       -0.00242        0.05479        0.00973 )
      Ez  (       -0.00122       -0.01932       -0.14791 )
      Ex  (        0.00254        0.03319        0.00269 )
      Ey  (        0.03114       -0.04165        0.01503 )
      Ez  (        0.00425        0.00355       -0.13865 )
      Ex  (        0.00666       -0.03693        0.00263 )
      Ey  (       -0.03178       -0.04077       -0.01503 )
      Ez  (        0.00436       -0.00363       -0.13887 )
      Ex  (       -0.03895        0.00843       -0.01412 )
      Ey  (        0.00234        0.05391       -0.00974 )
      Ez  (       -0.00133        0.01933       -0.14823 )
      Ex  (       -0.03943       -0.06455        0.00399 )
      Ey  (       -0.05901        0.03003        0.00153 )
      Ez  (       -0.00327       -0.00001        0.13968 )
      Ex  (       -0.03909        0.06453        0.00400 )
      Ey  (        0.05894        0.03019       -0.00153 )
      Ez  (       -0.00326        0.00001        0.13969 )
      Ex  (        0.06713       -0.00187        0.01026 )
      Ey  (       -0.00490       -0.06496       -0.00866 )
      Ez  (        0.00192        0.00169        0.14312 )
      Ex  (       -0.03610       -0.05205        0.00766 )
      Ey  (       -0.05005        0.03078       -0.01687 )
      Ez  (       -0.00260       -0.00996        0.15893 )
      Ex  (       -0.03709        0.05512        0.00766 )
      Ey  (        0.05030        0.02915        0.01689 )
      Ez  (       -0.00261        0.01010        0.15849 )
      Ex  (        0.06714        0.00178        0.01025 )
      Ey  (        0.00526       -0.06505        0.00865 )
      Ez  (        0.00192       -0.00169        0.14300 )
 
