0.02576 -0.00064 0.01168
0.00137 -0.01562 0.00050
-0.00132 -0.00043 -0.13910
-0.01984 -0.02648 -0.00042
-0.02707 0.02927 -0.02044
-0.00272 0.00700 -0.13652
-0.00689 0.03203 -0.01143
0.03547 0.03663 -0.01024
0.00613 0.00580 -0.14207
0.06467 -0.00144 -0.00863
0.00052 -0.00377 -0.00067
0.00333 -0.00111 -0.13760
-0.00603 -0.03420 -0.00858
-0.03832 0.03619 0.00762
0.00697 -0.00760 -0.13955
-0.02151 0.02607 0.00114
0.02589 0.02810 0.01985
-0.00431 -0.00729 -0.13519
-0.06881 0.00005 -0.00899
0.00004 0.06188 0.00006
-0.00396 0.00006 0.15525
0.02706 0.05878 0.00354
0.06459 -0.03647 0.01670
0.00216 0.00422 0.14724
0.03297 -0.06129 0.00874
-0.06426 -0.04458 0.00619
-0.00140 -0.00213 0.14036
-0.08030 0.00008 0.00694
0.00005 0.07068 0.00009
-0.00408 0.00009 0.13779
0.03312 0.06138 0.00892
0.06422 -0.04461 -0.00630
-0.00121 0.00216 0.14050
0.02705 -0.05883 0.00347
-0.06457 -0.03653 -0.01668
0.00210 -0.00432 0.14717
0.03654 0.03982 -0.01234
0.02179 0.00729 -0.00316
0.00739 -0.00103 -0.14164
0.03469 -0.03851 -0.01131
-0.02113 0.00731 0.00347
0.00556 0.00221 -0.14102
-0.03910 -0.00288 -0.01086
-0.00548 0.05947 0.01659
-0.00396 -0.01177 -0.14104
0.00359 0.03210 0.00833
0.01291 -0.00648 0.01672
-0.00151 -0.00046 -0.13658
0.00817 -0.03411 0.00836
-0.01276 -0.00489 -0.01458
-0.00097 0.00147 -0.13659
-0.03907 0.00425 -0.00820
0.00544 0.05984 -0.01727
-0.00211 0.01234 -0.13911
-0.03934 -0.06412 0.00750
-0.06603 0.03125 0.00260
-0.00340 -0.00148 0.13910
-0.03899 0.06409 0.00738
0.06599 0.03139 -0.00258
-0.00342 0.00147 0.13900
0.06583 -0.00203 0.00847
-0.00371 -0.08170 -0.01185
0.00184 0.00041 0.14246
-0.03608 -0.05120 -0.00499
-0.05739 0.03317 -0.01374
-0.00186 -0.00501 0.15313
-0.03694 0.05424 -0.00490
0.05750 0.03148 0.01377
-0.00195 0.00511 0.15271
0.06579 0.00196 0.00847
0.00414 -0.08176 0.01188
0.00183 -0.00037 0.14235
  
