      Ex  (        0.01997        0.00008        0.01888 )
      Ey  (        0.00003       -0.05578       -0.00001 )
      Ez  (        0.02013       -0.00003       -0.12142 )
      Ex  (       -0.03529       -0.03361       -0.02029 )
      Ey  (       -0.04671        0.01036       -0.02049 )
      Ez  (       -0.01299        0.01017       -0.15320 )
      Ex  (       -0.00136        0.04043       -0.01123 )
      Ey  (        0.05428        0.02635       -0.00451 )
      Ez  (        0.00674        0.01009       -0.14552 )
      Ex  (        0.06045        0.00008        0.00278 )
      Ey  (       -0.00002       -0.05811       -0.00001 )
      Ez  (       -0.00004        0.00000       -0.13572 )
      Ex  (       -0.00124       -0.04044       -0.01131 )
      Ey  (       -0.05436        0.02633        0.00458 )
      Ez  (        0.00671       -0.01007       -0.14555 )
      Ex  (       -0.03531        0.03360       -0.02033 )
      Ey  (        0.04668        0.01032        0.02055 )
      Ez  (       -0.01299       -0.01017       -0.15316 )
      Ex  (       -0.06195        0.00001        0.00576 )
      Ey  (       -0.00000        0.04985        0.00002 )
      Ez  (       -0.00849        0.00000        0.16443 )
      Ex  (        0.02651        0.06265        0.01333 )
      Ey  (        0.05956       -0.02588        0.01978 )
      Ez  (        0.00572        0.00847        0.15002 )
      Ex  (        0.03228       -0.06331        0.00675 )
      Ey  (       -0.05565       -0.03446        0.00354 )
      Ez  (       -0.00318       -0.00212        0.14041 )
      Ex  (       -0.07733        0.00001        0.00303 )
      Ey  (        0.00001        0.06553       -0.00000 )
      Ez  (       -0.00319       -0.00000        0.13851 )
      Ex  (        0.03231        0.06328        0.00678 )
      Ey  (        0.05563       -0.03447       -0.00356 )
      Ez  (       -0.00317        0.00211        0.14042 )
      Ex  (        0.02647       -0.06270        0.01335 )
      Ey  (       -0.05954       -0.02589       -0.01979 )
      Ez  (        0.00572       -0.00849        0.15004 )
      Ex  (        0.03993        0.03645       -0.00135 )
      Ey  (        0.04798       -0.03087        0.00034 )
      Ez  (        0.00292        0.00005       -0.13960 )
      Ex  (        0.04010       -0.03665       -0.00137 )
      Ey  (       -0.04785       -0.03090       -0.00031 )
      Ez  (        0.00292       -0.00006       -0.13989 )
      Ex  (       -0.03818       -0.00950       -0.02049 )
      Ey  (       -0.00317        0.05599        0.01087 )
      Ez  (       -0.00493       -0.02177       -0.15178 )
      Ex  (        0.00158        0.03925        0.00898 )
      Ey  (        0.03050       -0.04474        0.02040 )
      Ez  (        0.00910        0.01235       -0.13158 )
      Ex  (        0.00559       -0.04297        0.00892 )
      Ey  (       -0.03109       -0.04384       -0.02039 )
      Ez  (        0.00925       -0.01244       -0.13187 )
      Ex  (       -0.03998        0.01033       -0.02050 )
      Ey  (        0.00308        0.05516       -0.01089 )
      Ez  (       -0.00514        0.02183       -0.15205 )
      Ex  (       -0.04005       -0.06510        0.00371 )
      Ey  (       -0.05880        0.03013        0.00157 )
      Ez  (       -0.00381        0.00003        0.13920 )
      Ex  (       -0.03972        0.06508        0.00372 )
      Ey  (        0.05872        0.03030       -0.00158 )
      Ez  (       -0.00380       -0.00003        0.13921 )
      Ex  (        0.06741       -0.00203        0.01167 )
      Ey  (       -0.00584       -0.06396       -0.00961 )
      Ez  (        0.00215        0.00203        0.14310 )
      Ex  (       -0.03600       -0.05148        0.00790 )
      Ey  (       -0.04850        0.03045       -0.02073 )
      Ez  (       -0.00306       -0.01241        0.15860 )
      Ex  (       -0.03699        0.05453        0.00792 )
      Ey  (        0.04875        0.02889        0.02075 )
      Ez  (       -0.00306        0.01257        0.15816 )
      Ex  (        0.06742        0.00195        0.01166 )
      Ey  (        0.00620       -0.06404        0.00959 )
      Ez  (        0.00216       -0.00204        0.14299 )
 
