0.02259 0.00006 0.00498
0.00003 -0.05240 0.00004
0.00794 0.00001 -0.13789
-0.02678 -0.03081 -0.01050
-0.04478 0.01298 -0.01368
-0.00543 0.01317 -0.14789
-0.01001 0.04147 -0.00742
0.05180 0.02489 -0.00472
0.00571 0.00816 -0.14416
0.05941 0.00005 -0.00038
-0.00001 -0.05249 0.00002
0.00080 0.00004 -0.13827
-0.00997 -0.04145 -0.00748
-0.05182 0.02485 0.00474
0.00569 -0.00816 -0.14419
-0.02684 0.03081 -0.01050
0.04477 0.01292 0.01367
-0.00540 -0.01317 -0.14790
-0.06430 0.00001 0.00452
-0.00000 0.05454 0.00002
-0.00709 0.00000 0.16147
0.02700 0.06116 0.01040
0.05902 -0.02847 0.01486
0.00407 0.00557 0.14967
0.03204 -0.06261 0.00619
-0.05674 -0.03552 0.00342
-0.00226 -0.00163 0.14087
-0.07561 0.00001 0.00339
0.00001 0.06563 -0.00000
-0.00261 -0.00000 0.13894
0.03206 0.06259 0.00621
0.05673 -0.03553 -0.00343
-0.00226 0.00162 0.14087
0.02697 -0.06119 0.01042
-0.05900 -0.02847 -0.01486
0.00406 -0.00559 0.14968
0.03505 0.04087 -0.00235
0.04579 -0.02868 -0.00093
0.00270 0.00103 -0.14094
0.03529 -0.04107 -0.00240
-0.04568 -0.02868 0.00091
0.00269 -0.00112 -0.14126
-0.03687 -0.00627 -0.01119
-0.00182 0.05406 0.00901
0.00044 -0.01742 -0.14653
0.00370 0.03138 0.00063
0.03156 -0.03958 0.01256
0.00209 0.00033 -0.14152
0.00780 -0.03515 0.00062
-0.03219 -0.03862 -0.01255
0.00228 -0.00045 -0.14171
-0.03871 0.00718 -0.01120
0.00182 0.05318 -0.00907
0.00033 0.01742 -0.14690
-0.03907 -0.06421 0.00403
-0.05915 0.02999 0.00149
-0.00294 -0.00005 0.13989
-0.03874 0.06420 0.00403
0.05908 0.03015 -0.00149
-0.00293 0.00005 0.13990
0.06700 -0.00171 0.00936
-0.00431 -0.06562 -0.00804
0.00177 0.00139 0.14304
-0.03609 -0.05242 0.00697
-0.05106 0.03096 -0.01468
-0.00229 -0.00857 0.15816
-0.03707 0.05550 0.00696
0.05131 0.02929 0.01470
-0.00231 0.00869 0.15773
0.06701 0.00162 0.00935
0.00468 -0.06571 0.00803
0.00178 -0.00140 0.14292
  
