0.02358 0.00006 0.00391
0.00002 -0.05249 0.00002
0.00650 0.00001 -0.13929
-0.02618 -0.03091 -0.00925
-0.04466 0.01327 -0.01281
-0.00450 0.01309 -0.14742
-0.01137 0.04164 -0.00690
0.05149 0.02451 -0.00470
0.00540 0.00775 -0.14391
0.05911 0.00006 -0.00071
-0.00001 -0.05255 0.00002
0.00088 0.00001 -0.13876
-0.01138 -0.04162 -0.00694
-0.05153 0.02445 0.00465
0.00540 -0.00779 -0.14392
-0.02622 0.03092 -0.00929
0.04467 0.01328 0.01281
-0.00451 -0.01310 -0.14743
-0.06456 0.00001 0.00418
-0.00000 0.05521 0.00002
-0.00676 0.00000 0.16061
0.02712 0.06091 0.00981
0.05886 -0.02882 0.01402
0.00379 0.00515 0.14946
0.03201 -0.06243 0.00604
-0.05681 -0.03552 0.00336
-0.00210 -0.00154 0.14095
-0.07527 0.00000 0.00339
0.00000 0.06556 -0.00000
-0.00247 -0.00000 0.13905
0.03204 0.06240 0.00606
0.05679 -0.03553 -0.00337
-0.00210 0.00153 0.14096
0.02709 -0.06094 0.00983
-0.05884 -0.02882 -0.01402
0.00379 -0.00516 0.14948
0.03412 0.04154 -0.00257
0.04560 -0.02879 -0.00109
0.00255 0.00123 -0.14109
0.03442 -0.04174 -0.00261
-0.04551 -0.02870 0.00106
0.00251 -0.00126 -0.14130
-0.03713 -0.00571 -0.01009
-0.00168 0.05371 0.00862
0.00098 -0.01654 -0.14577
0.00418 0.03109 0.00012
0.03206 -0.03926 0.01154
0.00143 -0.00079 -0.14244
0.00829 -0.03479 0.00007
-0.03263 -0.03824 -0.01150
0.00156 0.00073 -0.14260
-0.03903 0.00655 -0.01005
0.00164 0.05276 -0.00866
0.00093 0.01659 -0.14628
-0.03883 -0.06398 0.00401
-0.05909 0.02998 0.00147
-0.00277 -0.00005 0.14000
-0.03851 0.06397 0.00401
0.05902 0.03014 -0.00147
-0.00276 0.00005 0.14001
0.06691 -0.00165 0.00893
-0.00405 -0.06570 -0.00774
0.00170 0.00129 0.14301
-0.03603 -0.05255 0.00657
-0.05141 0.03102 -0.01370
-0.00216 -0.00797 0.15765
-0.03701 0.05564 0.00656
0.05166 0.02933 0.01371
-0.00218 0.00808 0.15722
0.06692 0.00155 0.00893
0.00441 -0.06579 0.00773
0.00171 -0.00129 0.14289
  
