      Ex  (        0.03798        0.00001        0.00732 )
      Ey  (       -0.00001       -0.06685       -0.00001 )
      Ez  (       -0.00524        0.00001       -0.14035 )
      Ex  (       -0.02188       -0.03331        0.00015 )
      Ey  (       -0.04930        0.01295       -0.00966 )
      Ez  (       -0.00312        0.01007       -0.14131 )
      Ex  (       -0.01751        0.03921       -0.00609 )
      Ey  (        0.05365        0.01744       -0.00586 )
      Ez  (        0.00524        0.00766       -0.14146 )
      Ex  (        0.05764        0.00002       -0.00621 )
      Ey  (       -0.00001       -0.06432        0.00002 )
      Ez  (        0.00637        0.00002       -0.13970 )
      Ex  (       -0.01753       -0.03919       -0.00610 )
      Ey  (       -0.05365        0.01744        0.00585 )
      Ez  (        0.00527       -0.00767       -0.14147 )
      Ex  (       -0.02194        0.03330        0.00015 )
      Ey  (        0.04932        0.01292        0.00968 )
      Ez  (       -0.00311       -0.01006       -0.14136 )
      Ex  (       -0.06812        0.00000       -0.00479 )
      Ey  (       -0.00000        0.05944        0.00001 )
      Ez  (       -0.00366        0.00000        0.14787 )
      Ex  (        0.02844        0.05914        0.00214 )
      Ey  (        0.05582       -0.03003        0.00976 )
      Ez  (        0.00085        0.00264        0.14444 )
      Ex  (        0.03168       -0.06083        0.00607 )
      Ey  (       -0.05545       -0.03365        0.00465 )
      Ez  (       -0.00013       -0.00046        0.13988 )
      Ex  (       -0.07378        0.00000        0.00554 )
      Ey  (       -0.00000        0.06371       -0.00000 )
      Ez  (       -0.00115       -0.00000        0.13795 )
      Ex  (        0.03168        0.06082        0.00608 )
      Ey  (        0.05545       -0.03366       -0.00465 )
      Ez  (       -0.00013        0.00046        0.13988 )
      Ex  (        0.02842       -0.05915        0.00214 )
      Ey  (       -0.05581       -0.03004       -0.00975 )
      Ez  (        0.00085       -0.00264        0.14444 )
      Ex  (        0.02914        0.04372       -0.00647 )
      Ey  (        0.04681       -0.03739       -0.00259 )
      Ez  (        0.00641        0.00331       -0.14077 )
      Ex  (        0.02944       -0.04375       -0.00649 )
      Ey  (       -0.04662       -0.03740        0.00258 )
      Ez  (        0.00637       -0.00331       -0.14101 )
      Ex  (       -0.03961       -0.00100       -0.00406 )
      Ey  (       -0.00158        0.05080        0.00849 )
      Ez  (        0.00152       -0.01110       -0.14030 )
      Ex  (        0.01253        0.03425        0.00516 )
      Ey  (        0.04032       -0.04405        0.00686 )
      Ez  (       -0.00525       -0.00494       -0.14139 )
      Ex  (        0.01657       -0.03794        0.00521 )
      Ey  (       -0.04097       -0.04277       -0.00688 )
      Ez  (       -0.00517        0.00494       -0.14161 )
      Ex  (       -0.04155        0.00193       -0.00406 )
      Ey  (        0.00169        0.05003       -0.00853 )
      Ez  (        0.00148        0.01111       -0.14070 )
      Ex  (       -0.03746       -0.06204        0.00574 )
      Ey  (       -0.05659        0.02984        0.00217 )
      Ez  (       -0.00097       -0.00024        0.13902 )
      Ex  (       -0.03709        0.06204        0.00574 )
      Ey  (        0.05651        0.03002       -0.00217 )
      Ez  (       -0.00096        0.00024        0.13903 )
      Ex  (        0.06596       -0.00098        0.00525 )
      Ey  (       -0.00175       -0.06493       -0.00768 )
      Ez  (        0.00118       -0.00040        0.14099 )
      Ex  (       -0.03570       -0.05374       -0.00252 )
      Ey  (       -0.05252        0.03147       -0.00753 )
      Ez  (       -0.00188       -0.00310        0.14781 )
      Ex  (       -0.03664        0.05686       -0.00248 )
      Ey  (        0.05277        0.02967        0.00754 )
      Ez  (       -0.00188        0.00312        0.14741 )
      Ex  (        0.06596        0.00086        0.00525 )
      Ey  (        0.00215       -0.06503        0.00768 )
      Ez  (        0.00118        0.00040        0.14088 )
 
