      Ex  (        0.02636       -0.00002        0.01993 )
      Ey  (        0.00000       -0.06098       -0.00002 )
      Ez  (        0.00869       -0.00002       -0.14095 )
      Ex  (       -0.02041       -0.02893        0.00314 )
      Ey  (       -0.03515        0.01956       -0.02789 )
      Ez  (       -0.00685        0.00445       -0.13085 )
      Ex  (       -0.00332        0.03404       -0.01875 )
      Ey  (        0.05712        0.02785       -0.00966 )
      Ez  (        0.00300        0.00968       -0.15285 )
      Ex  (        0.07326        0.00001       -0.01079 )
      Ey  (       -0.00002       -0.03074       -0.00003 )
      Ez  (        0.00833       -0.00000       -0.14548 )
      Ex  (       -0.00337       -0.03404       -0.01875 )
      Ey  (       -0.05711        0.02791        0.00972 )
      Ez  (        0.00302       -0.00964       -0.15280 )
      Ex  (       -0.02044        0.02891        0.00316 )
      Ey  (        0.03512        0.01958        0.02785 )
      Ez  (       -0.00680       -0.00450       -0.13082 )
      Ex  (       -0.06504       -0.00001       -0.01206 )
      Ey  (       -0.00000        0.05389        0.00002 )
      Ez  (       -0.00404        0.00000        0.15932 )
      Ex  (        0.02642        0.05923        0.00331 )
      Ey  (        0.05923       -0.02732        0.02333 )
      Ez  (        0.00312        0.00720        0.14560 )
      Ex  (        0.03359       -0.06243        0.01007 )
      Ey  (       -0.05878       -0.04043        0.00734 )
      Ez  (       -0.00173       -0.00246        0.13913 )
      Ex  (       -0.08272        0.00001        0.00752 )
      Ey  (       -0.00000        0.06802       -0.00000 )
      Ez  (       -0.00517        0.00000        0.13652 )
      Ex  (        0.03359        0.06242        0.01012 )
      Ey  (        0.05877       -0.04044       -0.00737 )
      Ez  (       -0.00173        0.00245        0.13915 )
      Ex  (        0.02642       -0.05923        0.00333 )
      Ey  (       -0.05922       -0.02733       -0.02333 )
      Ez  (        0.00312       -0.00720        0.14562 )
      Ex  (        0.04784        0.02934       -0.01465 )
      Ey  (        0.03744       -0.01601       -0.00212 )
      Ez  (        0.01315       -0.00948       -0.14978 )
      Ex  (        0.04802       -0.02957       -0.01459 )
      Ey  (       -0.03726       -0.01639        0.00212 )
      Ez  (        0.01315        0.00947       -0.15002 )
      Ex  (       -0.03681       -0.00579       -0.01624 )
      Ey  (       -0.01509        0.06329        0.01927 )
      Ez  (       -0.01638       -0.01711       -0.14799 )
      Ex  (        0.00747        0.03419        0.02265 )
      Ey  (        0.02461       -0.04177        0.02342 )
      Ez  (        0.00718        0.00716       -0.12513 )
      Ex  (        0.01134       -0.03749        0.02260 )
      Ey  (       -0.02535       -0.04035       -0.02338 )
      Ez  (        0.00726       -0.00714       -0.12530 )
      Ex  (       -0.03892        0.00655       -0.01620 )
      Ey  (        0.01509        0.06300       -0.01936 )
      Ez  (       -0.01642        0.01706       -0.14828 )
      Ex  (       -0.04143       -0.06680        0.00814 )
      Ey  (       -0.06079        0.03075        0.00292 )
      Ez  (       -0.00423       -0.00202        0.13769 )
      Ex  (       -0.04111        0.06678        0.00814 )
      Ey  (        0.06080        0.03082       -0.00292 )
      Ez  (       -0.00422        0.00201        0.13770 )
      Ex  (        0.06707       -0.00281        0.01089 )
      Ey  (       -0.00592       -0.07222       -0.01556 )
      Ez  (        0.00241       -0.00015        0.14194 )
      Ex  (       -0.03621       -0.04967       -0.00807 )
      Ey  (       -0.04724        0.03278       -0.01979 )
      Ez  (       -0.00223       -0.00731        0.15298 )
      Ex  (       -0.03700        0.05258       -0.00797 )
      Ey  (        0.04744        0.03126        0.01981 )
      Ez  (       -0.00227        0.00738        0.15256 )
      Ex  (        0.06704        0.00275        0.01090 )
      Ey  (        0.00629       -0.07234        0.01554 )
      Ez  (        0.00242        0.00013        0.14183 )
 
