0.02170 0.00006 0.00643
0.00001 -0.05365 -0.00004
0.00972 -0.00002 -0.13591
-0.02803 -0.03104 -0.01181
-0.04523 0.01227 -0.01473
-0.00633 0.01321 -0.14844
-0.00881 0.04149 -0.00809
0.05261 0.02501 -0.00478
0.00576 0.00853 -0.14402
0.05998 0.00005 -0.00004
-0.00001 -0.05361 -0.00001
0.00061 -0.00001 -0.13741
-0.00875 -0.04149 -0.00813
-0.05267 0.02493 0.00479
0.00575 -0.00858 -0.14399
-0.02812 0.03101 -0.01188
0.04524 0.01224 0.01479
-0.00633 -0.01321 -0.14844
-0.06403 0.00000 0.00486
-0.00001 0.05364 0.00002
-0.00751 0.00000 0.16231
0.02687 0.06138 0.01100
0.05901 -0.02794 0.01575
0.00438 0.00603 0.14990
0.03208 -0.06272 0.00633
-0.05649 -0.03531 0.00346
-0.00246 -0.00174 0.14086
-0.07588 0.00001 0.00336
0.00001 0.06560 -0.00000
-0.00271 -0.00000 0.13895
0.03210 0.06269 0.00634
0.05648 -0.03532 -0.00347
-0.00246 0.00174 0.14087
0.02684 -0.06141 0.01102
-0.05900 -0.02794 -0.01575
0.00438 -0.00604 0.14992
0.03615 0.04024 -0.00236
0.04639 -0.02918 -0.00076
0.00265 0.00093 -0.14025
0.03638 -0.04049 -0.00243
-0.04632 -0.02913 0.00080
0.00264 -0.00093 -0.14052
-0.03705 -0.00687 -0.01258
-0.00209 0.05447 0.00933
-0.00029 -0.01843 -0.14694
0.00307 0.03215 0.00143
0.03144 -0.04102 0.01367
0.00307 0.00170 -0.13997
0.00708 -0.03586 0.00147
-0.03204 -0.04005 -0.01368
0.00329 -0.00176 -0.14028
-0.03892 0.00775 -0.01257
0.00204 0.05357 -0.00936
-0.00040 0.01842 -0.14726
-0.03919 -0.06435 0.00403
-0.05902 0.03005 0.00151
-0.00310 -0.00003 0.13987
-0.03885 0.06433 0.00403
0.05894 0.03021 -0.00151
-0.00309 0.00002 0.13988
0.06706 -0.00178 0.00980
-0.00459 -0.06522 -0.00835
0.00184 0.00156 0.14313
-0.03615 -0.05225 0.00734
-0.05053 0.03083 -0.01574
-0.00246 -0.00925 0.15861
-0.03713 0.05533 0.00733
0.05078 0.02917 0.01576
-0.00247 0.00937 0.15817
0.06707 0.00169 0.00979
0.00496 -0.06531 0.00835
0.00185 -0.00157 0.14301
  
