      Ex  (        0.01980        0.00008        0.02494 )
      Ey  (        0.00005       -0.05599        0.00002 )
      Ez  (        0.02395       -0.00000       -0.11555 )
      Ex  (       -0.03864       -0.03546       -0.02348 )
      Ey  (       -0.04701        0.00990       -0.02259 )
      Ez  (       -0.01550        0.00855       -0.15553 )
      Ex  (        0.00129        0.03983       -0.01218 )
      Ey  (        0.05427        0.02689       -0.00431 )
      Ez  (        0.00703        0.01061       -0.14665 )
      Ex  (        0.06023        0.00007        0.00402 )
      Ey  (       -0.00004       -0.05960       -0.00001 )
      Ez  (       -0.00018       -0.00000       -0.13578 )
      Ex  (        0.00133       -0.03986       -0.01229 )
      Ey  (       -0.05436        0.02679        0.00435 )
      Ez  (        0.00695       -0.01063       -0.14672 )
      Ex  (       -0.03875        0.03544       -0.02355 )
      Ey  (        0.04700        0.00986        0.02264 )
      Ez  (       -0.01548       -0.00855       -0.15548 )
      Ex  (       -0.06087        0.00001        0.00570 )
      Ey  (       -0.00000        0.04880        0.00002 )
      Ez  (       -0.00857        0.00000        0.16434 )
      Ex  (        0.02638        0.06309        0.01383 )
      Ey  (        0.05980       -0.02533        0.02091 )
      Ez  (        0.00611        0.00926        0.14977 )
      Ex  (        0.03237       -0.06347        0.00683 )
      Ey  (       -0.05546       -0.03423        0.00353 )
      Ez  (       -0.00334       -0.00219        0.14019 )
      Ex  (       -0.07780        0.00001        0.00287 )
      Ey  (        0.00001        0.06549       -0.00000 )
      Ez  (       -0.00324       -0.00000        0.13828 )
      Ex  (        0.03240        0.06345        0.00686 )
      Ey  (        0.05545       -0.03424       -0.00355 )
      Ez  (       -0.00333        0.00218        0.14019 )
      Ex  (        0.02633       -0.06315        0.01385 )
      Ey  (       -0.05978       -0.02533       -0.02092 )
      Ez  (        0.00610       -0.00928        0.14978 )
      Ex  (        0.04095        0.03520       -0.00079 )
      Ey  (        0.04828       -0.03123        0.00076 )
      Ez  (        0.00301        0.00019       -0.14015 )
      Ex  (        0.04117       -0.03545       -0.00082 )
      Ey  (       -0.04815       -0.03121       -0.00079 )
      Ez  (        0.00295       -0.00025       -0.14039 )
      Ex  (       -0.03895       -0.00996       -0.02329 )
      Ey  (       -0.00343        0.05625        0.01124 )
      Ez  (       -0.00662       -0.02258       -0.15395 )
      Ex  (        0.00126        0.04300        0.01257 )
      Ey  (        0.03030       -0.04550        0.02276 )
      Ez  (        0.01141        0.01661       -0.12860 )
      Ex  (        0.00528       -0.04664        0.01257 )
      Ey  (       -0.03084       -0.04465       -0.02276 )
      Ez  (        0.01161       -0.01669       -0.12900 )
      Ex  (       -0.04078        0.01079       -0.02325 )
      Ey  (        0.00335        0.05540       -0.01129 )
      Ez  (       -0.00677        0.02257       -0.15419 )
      Ex  (       -0.04031       -0.06532        0.00354 )
      Ey  (       -0.05881        0.03014        0.00159 )
      Ez  (       -0.00396        0.00008        0.13889 )
      Ex  (       -0.03998        0.06531        0.00354 )
      Ey  (        0.05873        0.03030       -0.00158 )
      Ez  (       -0.00395       -0.00008        0.13890 )
      Ex  (        0.06751       -0.00218        0.01216 )
      Ey  (       -0.00617       -0.06360       -0.00993 )
      Ez  (        0.00225        0.00212        0.14299 )
      Ex  (       -0.03582       -0.05117        0.00755 )
      Ey  (       -0.04803        0.03033       -0.02217 )
      Ez  (       -0.00320       -0.01335        0.15777 )
      Ex  (       -0.03679        0.05421        0.00757 )
      Ey  (        0.04827        0.02881        0.02219 )
      Ez  (       -0.00320        0.01353        0.15736 )
      Ex  (        0.06752        0.00210        0.01215 )
      Ey  (        0.00654       -0.06370        0.00992 )
      Ez  (        0.00226       -0.00213        0.14288 )
 
