0.04499 -0.00002 0.00415
-0.00001 -0.06604 0.00005
-0.00290 -0.00001 -0.13601
-0.01274 -0.02725 -0.00006
-0.04906 0.01300 -0.00598
-0.00162 0.00449 -0.13688
-0.01036 0.02982 -0.00424
0.05178 0.01575 -0.00391
0.00266 0.00358 -0.13587
0.05649 -0.00005 -0.00470
0.00000 -0.06385 0.00002
0.00271 0.00000 -0.13477
-0.01028 -0.02965 -0.00418
-0.05175 0.01578 0.00393
0.00269 -0.00356 -0.13569
-0.01274 0.02717 -0.00008
0.04893 0.01306 0.00584
-0.00169 -0.00452 -0.13685
-0.07455 -0.00000 -0.00270
0.00001 0.06159 0.00001
-0.00191 0.00000 0.14423
0.03016 0.06097 0.00109
0.05603 -0.03127 0.00551
0.00040 0.00141 0.14288
0.03223 -0.06192 0.00389
-0.05608 -0.03354 0.00309
-0.00002 -0.00034 0.14032
-0.07792 -0.00001 0.00374
-0.00000 0.06380 -0.00000
-0.00078 -0.00000 0.13890
0.03224 0.06192 0.00389
0.05607 -0.03353 -0.00309
-0.00002 0.00034 0.14032
0.03015 -0.06096 0.00108
-0.05604 -0.03128 -0.00552
0.00040 -0.00142 0.14286
0.02854 0.03979 -0.00515
0.04096 -0.03356 -0.00198
0.00299 0.00125 -0.13554
0.02885 -0.03969 -0.00529
-0.04073 -0.03366 0.00209
0.00295 -0.00121 -0.13602
-0.03204 0.00037 -0.00291
-0.00088 0.05139 0.00547
0.00098 -0.00517 -0.13497
0.01741 0.03317 0.00280
0.03649 -0.03903 0.00402
-0.00281 -0.00220 -0.13752
0.02163 -0.03645 0.00286
-0.03702 -0.03726 -0.00412
-0.00269 0.00218 -0.13753
-0.03401 0.00063 -0.00280
0.00156 0.05071 -0.00543
0.00099 0.00526 -0.13537
-0.03860 -0.06277 0.00380
-0.05669 0.03071 0.00153
-0.00062 -0.00024 0.13981
-0.03822 0.06281 0.00380
0.05661 0.03088 -0.00152
-0.00062 0.00023 0.13981
0.06721 -0.00075 0.00306
-0.00077 -0.06866 -0.00468
0.00071 -0.00023 0.14066
-0.03735 -0.05649 -0.00152
-0.05411 0.03262 -0.00405
-0.00103 -0.00161 0.14482
-0.03813 0.05967 -0.00150
0.05427 0.03087 0.00407
-0.00101 0.00162 0.14445
0.06718 0.00055 0.00306
0.00123 -0.06881 0.00470
0.00070 0.00024 0.14056
  
