      Ex  (        0.02167        0.00007        0.04232 )
      Ey  (        0.00005       -0.05846        0.00006 )
      Ez  (        0.03329        0.00000       -0.09685 )
      Ex  (       -0.04739       -0.04026       -0.03263 )
      Ey  (       -0.04738        0.00863       -0.02790 )
      Ez  (       -0.02238        0.00335       -0.16023 )
      Ex  (        0.00801        0.03781       -0.01507 )
      Ey  (        0.05464        0.02817       -0.00368 )
      Ez  (        0.00760        0.01110       -0.14696 )
      Ex  (        0.05872        0.00010        0.00645 )
      Ey  (       -0.00004       -0.06357       -0.00008 )
      Ez  (       -0.00152       -0.00002       -0.13357 )
      Ex  (        0.00812       -0.03785       -0.01514 )
      Ey  (       -0.05476        0.02809        0.00368 )
      Ez  (        0.00752       -0.01116       -0.14689 )
      Ex  (       -0.04747        0.04028       -0.03270 )
      Ey  (        0.04740        0.00863        0.02799 )
      Ez  (       -0.02238       -0.00334       -0.16011 )
      Ex  (       -0.05847        0.00000        0.00478 )
      Ey  (        0.00000        0.04615        0.00003 )
      Ez  (       -0.00821        0.00001        0.16286 )
      Ex  (        0.02635        0.06405        0.01448 )
      Ey  (        0.06015       -0.02379        0.02336 )
      Ez  (        0.00681        0.01097        0.14903 )
      Ex  (        0.03261       -0.06392        0.00689 )
      Ey  (       -0.05497       -0.03360        0.00351 )
      Ez  (       -0.00365       -0.00239        0.14007 )
      Ex  (       -0.07882        0.00001        0.00233 )
      Ey  (        0.00001        0.06542       -0.00000 )
      Ez  (       -0.00350        0.00000        0.13821 )
      Ex  (        0.03265        0.06388        0.00692 )
      Ey  (        0.05495       -0.03360       -0.00352 )
      Ez  (       -0.00364        0.00239        0.14009 )
      Ex  (        0.02630       -0.06411        0.01450 )
      Ey  (       -0.06012       -0.02378       -0.02337 )
      Ez  (        0.00680       -0.01100        0.14905 )
      Ex  (        0.04258        0.03267        0.00045 )
      Ey  (        0.04853       -0.03243        0.00194 )
      Ez  (        0.00215        0.00058       -0.13865 )
      Ex  (        0.04272       -0.03290        0.00036 )
      Ey  (       -0.04841       -0.03233       -0.00193 )
      Ez  (        0.00211       -0.00062       -0.13894 )
      Ex  (       -0.04021       -0.01055       -0.03066 )
      Ey  (       -0.00533        0.05723        0.01203 )
      Ez  (       -0.01010       -0.02309       -0.15743 )
      Ex  (        0.00224        0.05319        0.02246 )
      Ey  (        0.02979       -0.04830        0.02889 )
      Ez  (        0.01690        0.02837       -0.11891 )
      Ex  (        0.00632       -0.05682        0.02232 )
      Ey  (       -0.03033       -0.04745       -0.02882 )
      Ez  (        0.01710       -0.02844       -0.11922 )
      Ex  (       -0.04197        0.01139       -0.03061 )
      Ey  (        0.00529        0.05639       -0.01213 )
      Ez  (       -0.01031        0.02307       -0.15762 )
      Ex  (       -0.04099       -0.06580        0.00293 )
      Ey  (       -0.05872        0.03017        0.00160 )
      Ez  (       -0.00439        0.00009        0.13847 )
      Ex  (       -0.04066        0.06579        0.00294 )
      Ey  (        0.05864        0.03033       -0.00160 )
      Ez  (       -0.00438       -0.00009        0.13848 )
      Ex  (        0.06780       -0.00234        0.01302 )
      Ey  (       -0.00700       -0.06281       -0.01057 )
      Ez  (        0.00244        0.00227        0.14300 )
      Ex  (       -0.03510       -0.05054        0.00552 )
      Ey  (       -0.04639        0.03032       -0.02530 )
      Ez  (       -0.00345       -0.01527        0.15478 )
      Ex  (       -0.03607        0.05355        0.00559 )
      Ey  (        0.04662        0.02888        0.02532 )
      Ez  (       -0.00344        0.01547        0.15439 )
      Ex  (        0.06781        0.00226        0.01302 )
      Ey  (        0.00736       -0.06291        0.01056 )
      Ez  (        0.00245       -0.00228        0.14288 )
 
