0.02330 0.00007 0.05511
0.00005 -0.05857 -0.00000
0.03883 -0.00007 -0.08458
-0.05362 -0.04399 -0.03860
-0.04767 0.00820 -0.03128
-0.02682 -0.00001 -0.16393
0.01218 0.03645 -0.01655
0.05376 0.02913 -0.00335
0.00811 0.01168 -0.14801
0.05701 0.00010 0.00818
-0.00004 -0.06639 -0.00002
-0.00223 0.00003 -0.13335
0.01229 -0.03648 -0.01671
-0.05390 0.02910 0.00330
0.00799 -0.01175 -0.14793
-0.05364 0.04399 -0.03864
0.04764 0.00821 0.03134
-0.02675 0.00003 -0.16383
-0.05655 0.00000 0.00372
0.00000 0.04483 0.00003
-0.00767 0.00001 0.16112
0.02634 0.06454 0.01459
0.06048 -0.02312 0.02463
0.00714 0.01198 0.14830
0.03276 -0.06416 0.00692
-0.05480 -0.03325 0.00348
-0.00378 -0.00247 0.13987
-0.07938 0.00000 0.00198
0.00001 0.06536 -0.00000
-0.00344 -0.00000 0.13805
0.03280 0.06412 0.00696
0.05477 -0.03327 -0.00350
-0.00377 0.00246 0.13989
0.02628 -0.06460 0.01461
-0.06044 -0.02311 -0.02466
0.00712 -0.01201 0.14832
0.04295 0.03184 0.00140
0.04829 -0.03247 0.00267
0.00150 0.00176 -0.13847
0.04309 -0.03209 0.00133
-0.04814 -0.03235 -0.00259
0.00147 -0.00177 -0.13877
-0.04088 -0.01040 -0.03503
-0.00612 0.05755 0.01243
-0.01176 -0.02318 -0.16008
0.00299 0.06049 0.02951
0.02951 -0.04918 0.03286
0.02039 0.03570 -0.11369
0.00701 -0.06404 0.02935
-0.02996 -0.04830 -0.03277
0.02059 -0.03580 -0.11392
-0.04266 0.01117 -0.03502
0.00601 0.05672 -0.01251
-0.01200 0.02323 -0.16021
-0.04123 -0.06597 0.00251
-0.05874 0.03025 0.00160
-0.00452 0.00016 0.13812
-0.04090 0.06595 0.00252
0.05865 0.03042 -0.00160
-0.00450 -0.00016 0.13814
0.06795 -0.00243 0.01342
-0.00738 -0.06243 -0.01091
0.00254 0.00226 0.14286
-0.03456 -0.05011 0.00358
-0.04574 0.03027 -0.02695
-0.00358 -0.01631 0.15209
-0.03553 0.05311 0.00369
0.04597 0.02886 0.02695
-0.00355 0.01651 0.15173
0.06796 0.00234 0.01342
0.00774 -0.06252 0.01090
0.00256 -0.00228 0.14275
  
