0.01800 -0.00007 0.03519
-0.00002 -0.07919 -0.00002
0.03705 0.00002 -0.14526
-0.02412 -0.04157 0.01115
-0.01942 0.02467 -0.04759
-0.00376 -0.02066 -0.11193
0.00357 0.02540 -0.03316
0.06720 0.03268 -0.00891
-0.01143 -0.00033 -0.16563
0.08399 -0.00008 -0.00903
-0.00005 -0.00150 -0.00002
0.00302 0.00000 -0.14949
0.00355 -0.02547 -0.03329
-0.06721 0.03262 0.00901
-0.01150 0.00036 -0.16557
-0.02410 0.04148 0.01121
0.01936 0.02478 0.04753
-0.00370 0.02058 -0.11191
-0.05687 -0.00001 -0.01782
0.00001 0.04897 0.00001
0.00135 0.00000 0.16234
0.02530 0.06006 -0.00167
0.05960 -0.02084 0.03095
0.00553 0.01025 0.13728
0.03521 -0.06319 0.01040
-0.06126 -0.04627 0.00820
-0.00344 -0.00453 0.13683
-0.08796 -0.00001 0.00729
-0.00001 0.07179 -0.00001
-0.00802 0.00000 0.13502
0.03520 0.06320 0.01047
0.06125 -0.04628 -0.00825
-0.00343 0.00451 0.13685
0.02532 -0.06004 -0.00164
-0.05959 -0.02085 -0.03097
0.00552 -0.01026 0.13729
0.06547 -0.00025 -0.01995
0.02961 0.00379 0.00231
0.01817 -0.04301 -0.15809
0.06560 0.00002 -0.01992
-0.02930 0.00322 -0.00226
0.01816 0.04300 -0.15841
-0.05858 -0.00786 -0.03580
-0.04041 0.07430 0.02694
-0.05356 -0.00871 -0.16051
0.00686 0.05694 0.05967
0.01261 -0.05347 0.04646
0.03720 0.04022 -0.08913
0.01064 -0.05981 0.05955
-0.01327 -0.05189 -0.04638
0.03729 -0.04019 -0.08945
-0.06073 0.00853 -0.03567
0.04029 0.07419 -0.02706
-0.05364 0.00866 -0.16069
-0.04307 -0.06995 0.00802
-0.06542 0.03103 0.00317
-0.00679 -0.00434 0.13615
-0.04276 0.06993 0.00802
0.06548 0.03105 -0.00316
-0.00678 0.00433 0.13615
0.06726 -0.00492 0.01291
-0.00970 -0.07773 -0.01980
0.00263 0.00058 0.14001
-0.03308 -0.04396 -0.01839
-0.03915 0.03596 -0.02699
0.00067 -0.00869 0.14426
-0.03381 0.04673 -0.01816
0.03936 0.03469 0.02701
0.00062 0.00876 0.14392
0.06723 0.00487 0.01293
0.01005 -0.07783 0.01978
0.00264 -0.00059 0.13991
  
