0.02639 -0.00004 0.03032
0.00003 -0.02962 -0.00004
0.03075 -0.00004 -0.10801
-0.03068 -0.02555 -0.02951
-0.02295 0.01952 -0.02557
-0.02106 -0.00677 -0.15947
0.01207 0.02636 -0.01529
0.04669 0.03856 -0.00406
0.00909 0.00161 -0.14945
0.06035 0.00000 0.00321
-0.00003 -0.00626 -0.00001
-0.00544 0.00002 -0.13753
0.01205 -0.02646 -0.01535
-0.04666 0.03857 0.00406
0.00902 -0.00169 -0.14940
-0.03072 0.02550 -0.02955
0.02297 0.01944 0.02555
-0.02110 0.00677 -0.15944
-0.06688 -0.00000 0.00520
-0.00001 0.05137 0.00002
-0.00334 0.00001 0.16388
0.02811 0.06390 0.01390
0.06504 -0.02818 0.02165
0.00555 0.00989 0.14912
0.03325 -0.06494 0.00657
-0.06298 -0.04459 0.00351
-0.00325 -0.00317 0.13962
-0.08564 0.00000 0.00232
-0.00001 0.07155 -0.00000
-0.00590 0.00000 0.13773
0.03324 0.06494 0.00661
0.06297 -0.04460 -0.00353
-0.00324 0.00316 0.13963
0.02810 -0.06391 0.01394
-0.06502 -0.02821 -0.02167
0.00554 -0.00991 0.14913
0.04322 0.02548 -0.00249
0.02245 0.00317 0.00120
0.00236 -0.00857 -0.14183
0.04335 -0.02579 -0.00258
-0.02220 0.00263 -0.00118
0.00230 0.00852 -0.14206
-0.02395 -0.00816 -0.02892
-0.01692 0.06730 0.01221
-0.00958 -0.01259 -0.15784
0.00559 0.04201 0.01424
0.00341 -0.02717 0.02669
0.01400 0.03157 -0.12542
0.00956 -0.04517 0.01422
-0.00405 -0.02584 -0.02664
0.01424 -0.03168 -0.12582
-0.02616 0.00890 -0.02886
0.01679 0.06714 -0.01230
-0.00967 0.01263 -0.15817
-0.04404 -0.06847 0.00292
-0.06452 0.03239 0.00157
-0.00568 -0.00172 0.13825
-0.04371 0.06843 0.00293
0.06456 0.03243 -0.00157
-0.00567 0.00172 0.13827
0.06926 -0.00190 0.01226
-0.00779 -0.07979 -0.01007
0.00220 0.00094 0.14254
-0.03807 -0.05318 0.00646
-0.04656 0.03466 -0.02299
-0.00106 -0.01210 0.15635
-0.03886 0.05616 0.00652
0.04678 0.03327 0.02299
-0.00108 0.01228 0.15594
0.06923 0.00185 0.01226
0.00814 -0.07991 0.01005
0.00221 -0.00096 0.14243
  
