      Ex  (        0.02039        0.00006        0.01089 )
      Ey  (        0.00004       -0.05438        0.00002 )
      Ez  (        0.01400        0.00002       -0.13073 )
      Ex  (       -0.03067       -0.03160       -0.01533 )
      Ey  (       -0.04571        0.01148       -0.01721 )
      Ez  (       -0.00906        0.01236       -0.15073 )
      Ex  (       -0.00558        0.04114       -0.00934 )
      Ey  (        0.05337        0.02569       -0.00475 )
      Ez  (        0.00629        0.00938       -0.14504 )
      Ex  (        0.06039        0.00012        0.00119 )
      Ey  (        0.00000       -0.05494       -0.00002 )
      Ez  (        0.00034       -0.00003       -0.13700 )
      Ex  (       -0.00552       -0.04119       -0.00939 )
      Ey  (       -0.05346        0.02564        0.00472 )
      Ez  (        0.00631       -0.00945       -0.14513 )
      Ex  (       -0.03073        0.03159       -0.01538 )
      Ey  (        0.04572        0.01143        0.01732 )
      Ez  (       -0.00906       -0.01232       -0.15074 )
      Ex  (       -0.06324        0.00001        0.00546 )
      Ey  (       -0.00000        0.05193        0.00002 )
      Ez  (       -0.00808        0.00000        0.16365 )
      Ex  (        0.02668        0.06195        0.01221 )
      Ey  (        0.05931       -0.02702        0.01766 )
      Ez  (        0.00502        0.00716        0.15005 )
      Ex  (        0.03214       -0.06302        0.00657 )
      Ey  (       -0.05616       -0.03501        0.00352 )
      Ez  (       -0.00282       -0.00193        0.14059 )
      Ex  (       -0.07656        0.00000        0.00328 )
      Ey  (        0.00001        0.06563       -0.00000 )
      Ez  (       -0.00289        0.00000        0.13866 )
      Ex  (        0.03216        0.06300        0.00660 )
      Ey  (        0.05615       -0.03503       -0.00354 )
      Ez  (       -0.00282        0.00193        0.14060 )
      Ex  (        0.02664       -0.06199        0.01223 )
      Ey  (       -0.05928       -0.02703       -0.01767 )
      Ez  (        0.00502       -0.00717        0.15007 )
      Ex  (        0.03789        0.03867       -0.00187 )
      Ey  (        0.04720       -0.02964       -0.00029 )
      Ez  (        0.00298        0.00051       -0.14047 )
      Ex  (        0.03812       -0.03886       -0.00193 )
      Ey  (       -0.04704       -0.02960        0.00034 )
      Ez  (        0.00295       -0.00051       -0.14071 )
      Ex  (       -0.03724       -0.00825       -0.01583 )
      Ey  (       -0.00256        0.05519        0.01009 )
      Ez  (       -0.00222       -0.02034       -0.14936 )
      Ex  (        0.00213        0.03451        0.00424 )
      Ey  (        0.03092       -0.04246        0.01660 )
      Ez  (        0.00556        0.00584       -0.13721 )
      Ex  (        0.00619       -0.03818        0.00415 )
      Ey  (       -0.03147       -0.04153       -0.01658 )
      Ez  (        0.00571       -0.00593       -0.13734 )
      Ex  (       -0.03908        0.00908       -0.01587 )
      Ey  (        0.00247        0.05432       -0.01015 )
      Ez  (       -0.00241        0.02033       -0.14960 )
      Ex  (       -0.03961       -0.06471        0.00395 )
      Ey  (       -0.05902        0.03006        0.00155 )
      Ez  (       -0.00343        0.00002        0.13950 )
      Ex  (       -0.03926        0.06469        0.00395 )
      Ey  (        0.05894        0.03024       -0.00155 )
      Ez  (       -0.00341       -0.00002        0.13951 )
      Ex  (        0.06722       -0.00187        0.01073 )
      Ey  (       -0.00518       -0.06473       -0.00898 )
      Ez  (        0.00199        0.00180        0.14306 )
      Ex  (       -0.03617       -0.05193        0.00789 )
      Ey  (       -0.04965        0.03064       -0.01808 )
      Ez  (       -0.00275       -0.01073        0.15901 )
      Ex  (       -0.03716        0.05499        0.00790 )
      Ey  (        0.04989        0.02903        0.01810 )
      Ez  (       -0.00276        0.01088        0.15857 )
      Ex  (        0.06723        0.00178        0.01072 )
      Ey  (        0.00555       -0.06480        0.00897 )
      Ez  (        0.00200       -0.00180        0.14295 )
 
